{
 "cells": [
  {
   "cell_type": "code",
   "execution_count": 1,
   "id": "initial_id",
   "metadata": {
    "ExecuteTime": {
     "end_time": "2024-11-27T10:17:13.214491Z",
     "start_time": "2024-11-27T10:17:13.211398Z"
    },
    "collapsed": true
   },
   "outputs": [],
   "source": [
    "import pandas as pd\n",
    "import numpy as np\n",
    "import matplotlib.pyplot as plt"
   ]
  },
  {
   "cell_type": "code",
   "execution_count": 2,
   "id": "89af3541",
   "metadata": {},
   "outputs": [],
   "source": [
    "from modules.qr_code import QrCode, Measurement\n",
    "\n",
    "# Loading data\n",
    "camera_columns = ['timestamp', 'qr_code', 'cx', 'cy', 'width', 'height', 'distance', 'attitude']\n",
    "\n",
    "qr_df = pd.read_csv('../data/qr_code_position_in_global_coordinate.csv')\n",
    "camera_df = pd.read_csv('../data/task5/camera_localization_task5.csv', header=None, names=camera_columns)"
   ]
  },
  {
   "cell_type": "code",
   "execution_count": 3,
   "id": "6d6d0daa",
   "metadata": {},
   "outputs": [],
   "source": [
    "# Setting up required QR codes' data for the task\n",
    "\n",
    "qr_codes = []\n",
    "for index, row in qr_df.iterrows():\n",
    "    if row['position_in_wall'] == 2 and row['qr_code'] != 13:\n",
    "        qr = QrCode(int(row['qr_code']), row['mid_point_x_cm'], row['mid_point_y_cm'])\n",
    "        qr_codes.append(qr)\n",
    "\n",
    "for qr in qr_codes:\n",
    "    for index, row in camera_df.iterrows():\n",
    "        if row['qr_code'] == qr.id:\n",
    "            qr.add_measurement(Measurement(row['timestamp'], row['cx'], row['height']))"
   ]
  },
  {
   "cell_type": "code",
   "execution_count": 4,
   "id": "9659c53f",
   "metadata": {},
   "outputs": [],
   "source": [
    "#Compute the variances of the measurements\n",
    "for qr in qr_codes:\n",
    "    qr.compute_variance()"
   ]
  },
  {
   "cell_type": "code",
   "execution_count": 5,
   "id": "95202982",
   "metadata": {},
   "outputs": [],
   "source": [
    "from modules.localization import Localization\n",
    "\n",
    "localization = Localization(h0=11.5, path=\"../data/task3/camera_module_calibration_task3.csv\", qr_codes=qr_codes, distance_bias=6.7)"
   ]
  },
  {
   "cell_type": "code",
   "execution_count": 6,
   "id": "1a1ce93e",
   "metadata": {},
   "outputs": [
    {
     "data": {
      "text/plain": [
       "(2, 2)"
      ]
     },
     "execution_count": 6,
     "metadata": {},
     "output_type": "execute_result"
    }
   ],
   "source": [
    "localization.R_inv.shape"
   ]
  },
  {
   "cell_type": "code",
   "execution_count": 7,
   "id": "5ae8a9a9",
   "metadata": {},
   "outputs": [
    {
     "name": "stdout",
     "output_type": "stream",
     "text": [
      "qr code 15, 0 th iteration found a singular matrix\n",
      "[[ 5.08647630e+04 -2.82357044e+01 -1.23906455e+04]\n",
      " [-2.82357044e+01  6.21831316e-01  6.92317035e+00]\n",
      " [-1.23906455e+04  6.92317035e+00  3.01836194e+03]]\n",
      "qr code 15, 1 th iteration found a singular matrix\n",
      "[[ 5.08647630e+04 -2.82357044e+01 -1.23906455e+04]\n",
      " [-2.82357044e+01  6.21831316e-01  6.92317035e+00]\n",
      " [-1.23906455e+04  6.92317035e+00  3.01836194e+03]]\n",
      "qr code 15, 2 th iteration found a singular matrix\n",
      "[[ 5.08647630e+04 -2.82357044e+01 -1.23906455e+04]\n",
      " [-2.82357044e+01  6.21831316e-01  6.92317035e+00]\n",
      " [-1.23906455e+04  6.92317035e+00  3.01836194e+03]]\n",
      "qr code 15, 3 th iteration found a singular matrix\n",
      "[[ 5.08647630e+04 -2.82357044e+01 -1.23906455e+04]\n",
      " [-2.82357044e+01  6.21831316e-01  6.92317035e+00]\n",
      " [-1.23906455e+04  6.92317035e+00  3.01836194e+03]]\n",
      "qr code 15, 4 th iteration found a singular matrix\n",
      "[[ 5.08647630e+04 -2.82357044e+01 -1.23906455e+04]\n",
      " [-2.82357044e+01  6.21831316e-01  6.92317035e+00]\n",
      " [-1.23906455e+04  6.92317035e+00  3.01836194e+03]]\n",
      "qr code 15, 5 th iteration found a singular matrix\n",
      "[[ 5.08647630e+04 -2.82357044e+01 -1.23906455e+04]\n",
      " [-2.82357044e+01  6.21831316e-01  6.92317035e+00]\n",
      " [-1.23906455e+04  6.92317035e+00  3.01836194e+03]]\n",
      "qr code 15, 6 th iteration found a singular matrix\n",
      "[[ 5.08647630e+04 -2.82357044e+01 -1.23906455e+04]\n",
      " [-2.82357044e+01  6.21831316e-01  6.92317035e+00]\n",
      " [-1.23906455e+04  6.92317035e+00  3.01836194e+03]]\n",
      "qr code 15, 7 th iteration found a singular matrix\n",
      "[[ 5.08647630e+04 -2.82357044e+01 -1.23906455e+04]\n",
      " [-2.82357044e+01  6.21831316e-01  6.92317035e+00]\n",
      " [-1.23906455e+04  6.92317035e+00  3.01836194e+03]]\n",
      "qr code 15, 8 th iteration found a singular matrix\n",
      "[[ 5.08647630e+04 -2.82357044e+01 -1.23906455e+04]\n",
      " [-2.82357044e+01  6.21831316e-01  6.92317035e+00]\n",
      " [-1.23906455e+04  6.92317035e+00  3.01836194e+03]]\n",
      "qr code 1, 0 th iteration found a singular matrix\n",
      "[[ 1.46575181e+04 -1.09741194e+01 -3.83201393e+03]\n",
      " [-1.09741194e+01  4.98712396e-01  2.92232034e+00]\n",
      " [-3.83201393e+03  2.92232034e+00  1.00183507e+03]]\n",
      "qr code 1, 1 th iteration found a singular matrix\n",
      "[[ 1.46575181e+04 -1.09741194e+01 -3.83201393e+03]\n",
      " [-1.09741194e+01  4.98712396e-01  2.92232034e+00]\n",
      " [-3.83201393e+03  2.92232034e+00  1.00183507e+03]]\n",
      "qr code 1, 2 th iteration found a singular matrix\n",
      "[[ 1.46575181e+04 -1.09741194e+01 -3.83201393e+03]\n",
      " [-1.09741194e+01  4.98712396e-01  2.92232034e+00]\n",
      " [-3.83201393e+03  2.92232034e+00  1.00183507e+03]]\n",
      "qr code 1, 3 th iteration found a singular matrix\n",
      "[[ 1.46575181e+04 -1.09741194e+01 -3.83201393e+03]\n",
      " [-1.09741194e+01  4.98712396e-01  2.92232034e+00]\n",
      " [-3.83201393e+03  2.92232034e+00  1.00183507e+03]]\n",
      "qr code 1, 4 th iteration found a singular matrix\n",
      "[[ 1.46575181e+04 -1.09741194e+01 -3.83201393e+03]\n",
      " [-1.09741194e+01  4.98712396e-01  2.92232034e+00]\n",
      " [-3.83201393e+03  2.92232034e+00  1.00183507e+03]]\n",
      "qr code 1, 5 th iteration found a singular matrix\n",
      "[[ 1.46575181e+04 -1.09741194e+01 -3.83201393e+03]\n",
      " [-1.09741194e+01  4.98712396e-01  2.92232034e+00]\n",
      " [-3.83201393e+03  2.92232034e+00  1.00183507e+03]]\n",
      "qr code 1, 6 th iteration found a singular matrix\n",
      "[[ 1.46575181e+04 -1.09741194e+01 -3.83201393e+03]\n",
      " [-1.09741194e+01  4.98712396e-01  2.92232034e+00]\n",
      " [-3.83201393e+03  2.92232034e+00  1.00183507e+03]]\n",
      "qr code 1, 7 th iteration found a singular matrix\n",
      "[[ 1.46575181e+04 -1.09741194e+01 -3.83201393e+03]\n",
      " [-1.09741194e+01  4.98712396e-01  2.92232034e+00]\n",
      " [-3.83201393e+03  2.92232034e+00  1.00183507e+03]]\n",
      "qr code 1, 8 th iteration found a singular matrix\n",
      "[[ 1.46575181e+04 -1.09741194e+01 -3.83201393e+03]\n",
      " [-1.09741194e+01  4.98712396e-01  2.92232034e+00]\n",
      " [-3.83201393e+03  2.92232034e+00  1.00183507e+03]]\n",
      "qr code 2, 0 th iteration found a singular matrix\n",
      "[[ 6.24756184e+03 -5.69537641e+00 -1.76125468e+03]\n",
      " [-5.69537641e+00  3.96508572e-01  1.66230817e+00]\n",
      " [-1.76125468e+03  1.66230817e+00  4.96524802e+02]]\n",
      "qr code 2, 1 th iteration found a singular matrix\n",
      "[[ 6.24756184e+03 -5.69537641e+00 -1.76125468e+03]\n",
      " [-5.69537641e+00  3.96508572e-01  1.66230817e+00]\n",
      " [-1.76125468e+03  1.66230817e+00  4.96524802e+02]]\n",
      "qr code 2, 2 th iteration found a singular matrix\n",
      "[[ 6.24756184e+03 -5.69537641e+00 -1.76125468e+03]\n",
      " [-5.69537641e+00  3.96508572e-01  1.66230817e+00]\n",
      " [-1.76125468e+03  1.66230817e+00  4.96524802e+02]]\n",
      "qr code 2, 3 th iteration found a singular matrix\n",
      "[[ 6.24756184e+03 -5.69537641e+00 -1.76125468e+03]\n",
      " [-5.69537641e+00  3.96508572e-01  1.66230817e+00]\n",
      " [-1.76125468e+03  1.66230817e+00  4.96524802e+02]]\n",
      "qr code 2, 4 th iteration found a singular matrix\n",
      "[[ 6.24756184e+03 -5.69537641e+00 -1.76125468e+03]\n",
      " [-5.69537641e+00  3.96508572e-01  1.66230817e+00]\n",
      " [-1.76125468e+03  1.66230817e+00  4.96524802e+02]]\n",
      "qr code 2, 5 th iteration found a singular matrix\n",
      "[[ 6.24756184e+03 -5.69537641e+00 -1.76125468e+03]\n",
      " [-5.69537641e+00  3.96508572e-01  1.66230817e+00]\n",
      " [-1.76125468e+03  1.66230817e+00  4.96524802e+02]]\n",
      "qr code 2, 6 th iteration found a singular matrix\n",
      "[[ 6.24756184e+03 -5.69537641e+00 -1.76125468e+03]\n",
      " [-5.69537641e+00  3.96508572e-01  1.66230817e+00]\n",
      " [-1.76125468e+03  1.66230817e+00  4.96524802e+02]]\n",
      "qr code 2, 7 th iteration found a singular matrix\n",
      "[[ 6.24756184e+03 -5.69537641e+00 -1.76125468e+03]\n",
      " [-5.69537641e+00  3.96508572e-01  1.66230817e+00]\n",
      " [-1.76125468e+03  1.66230817e+00  4.96524802e+02]]\n",
      "qr code 2, 8 th iteration found a singular matrix\n",
      "[[ 6.24756184e+03 -5.69537641e+00 -1.76125468e+03]\n",
      " [-5.69537641e+00  3.96508572e-01  1.66230817e+00]\n",
      " [-1.76125468e+03  1.66230817e+00  4.96524802e+02]]\n",
      "qr code 9, 1 th iteration found a singular matrix\n",
      "[[ 2.13205922e+02  1.38091148e-01 -7.11854019e+01]\n",
      " [ 1.38091148e-01  2.90319898e-01  1.32355551e-01]\n",
      " [-7.11854019e+01  1.32355551e-01  2.38771870e+01]]\n",
      "qr code 9, 3 th iteration found a singular matrix\n",
      "[[ 2.13205922e+02  1.38091148e-01 -7.11854019e+01]\n",
      " [ 1.38091148e-01  2.90319898e-01  1.32355551e-01]\n",
      " [-7.11854019e+01  1.32355551e-01  2.38771870e+01]]\n",
      "qr code 9, 5 th iteration found a singular matrix\n",
      "[[ 2.13205922e+02  1.38091148e-01 -7.11854019e+01]\n",
      " [ 1.38091148e-01  2.90319898e-01  1.32355551e-01]\n",
      " [-7.11854019e+01  1.32355551e-01  2.38771870e+01]]\n",
      "qr code 9, 7 th iteration found a singular matrix\n",
      "[[ 2.13205922e+02  1.38091148e-01 -7.11854019e+01]\n",
      " [ 1.38091148e-01  2.90319898e-01  1.32355551e-01]\n",
      " [-7.11854019e+01  1.32355551e-01  2.38771870e+01]]\n",
      "qr code 8, 0 th iteration found a singular matrix\n",
      "[[ 1.03363499e+03 -1.38770176e+00 -3.80292008e+02]\n",
      " [-1.38770176e+00  1.78086685e-01  5.62798119e-01]\n",
      " [-3.80292008e+02  5.62798119e-01  1.39931425e+02]]\n",
      "qr code 8, 1 th iteration found a singular matrix\n",
      "[[ 1.03363499e+03 -1.38770176e+00 -3.80292008e+02]\n",
      " [-1.38770176e+00  1.78086685e-01  5.62798119e-01]\n",
      " [-3.80292008e+02  5.62798119e-01  1.39931425e+02]]\n",
      "qr code 8, 2 th iteration found a singular matrix\n",
      "[[ 1.03363499e+03 -1.38770176e+00 -3.80292008e+02]\n",
      " [-1.38770176e+00  1.78086685e-01  5.62798119e-01]\n",
      " [-3.80292008e+02  5.62798119e-01  1.39931425e+02]]\n",
      "qr code 8, 3 th iteration found a singular matrix\n",
      "[[ 1.03363499e+03 -1.38770176e+00 -3.80292008e+02]\n",
      " [-1.38770176e+00  1.78086685e-01  5.62798119e-01]\n",
      " [-3.80292008e+02  5.62798119e-01  1.39931425e+02]]\n",
      "qr code 8, 4 th iteration found a singular matrix\n",
      "[[ 1.03363499e+03 -1.38770176e+00 -3.80292008e+02]\n",
      " [-1.38770176e+00  1.78086685e-01  5.62798119e-01]\n",
      " [-3.80292008e+02  5.62798119e-01  1.39931425e+02]]\n",
      "qr code 8, 5 th iteration found a singular matrix\n",
      "[[ 1.03363499e+03 -1.38770176e+00 -3.80292008e+02]\n",
      " [-1.38770176e+00  1.78086685e-01  5.62798119e-01]\n",
      " [-3.80292008e+02  5.62798119e-01  1.39931425e+02]]\n",
      "qr code 8, 6 th iteration found a singular matrix\n",
      "[[ 1.03363499e+03 -1.38770176e+00 -3.80292008e+02]\n",
      " [-1.38770176e+00  1.78086685e-01  5.62798119e-01]\n",
      " [-3.80292008e+02  5.62798119e-01  1.39931425e+02]]\n",
      "qr code 8, 7 th iteration found a singular matrix\n",
      "[[ 1.03363499e+03 -1.38770176e+00 -3.80292008e+02]\n",
      " [-1.38770176e+00  1.78086685e-01  5.62798119e-01]\n",
      " [-3.80292008e+02  5.62798119e-01  1.39931425e+02]]\n",
      "qr code 8, 8 th iteration found a singular matrix\n",
      "[[ 1.03363499e+03 -1.38770176e+00 -3.80292008e+02]\n",
      " [-1.38770176e+00  1.78086685e-01  5.62798119e-01]\n",
      " [-3.80292008e+02  5.62798119e-01  1.39931425e+02]]\n",
      "qr code 7, 0 th iteration found a singular matrix\n",
      "[[ 6.28066208e+02 -9.35627992e-01 -2.56827585e+02]\n",
      " [-9.35627992e-01  1.29802659e-01  4.30500847e-01]\n",
      " [-2.56827585e+02  4.30500847e-01  1.05039298e+02]]\n",
      "qr code 7, 1 th iteration found a singular matrix\n",
      "[[ 6.28066208e+02 -9.35627992e-01 -2.56827585e+02]\n",
      " [-9.35627992e-01  1.29802659e-01  4.30500847e-01]\n",
      " [-2.56827585e+02  4.30500847e-01  1.05039298e+02]]\n",
      "qr code 7, 2 th iteration found a singular matrix\n",
      "[[ 6.28066208e+02 -9.35627992e-01 -2.56827585e+02]\n",
      " [-9.35627992e-01  1.29802659e-01  4.30500847e-01]\n",
      " [-2.56827585e+02  4.30500847e-01  1.05039298e+02]]\n",
      "qr code 7, 3 th iteration found a singular matrix\n",
      "[[ 6.28066208e+02 -9.35627992e-01 -2.56827585e+02]\n",
      " [-9.35627992e-01  1.29802659e-01  4.30500847e-01]\n",
      " [-2.56827585e+02  4.30500847e-01  1.05039298e+02]]\n",
      "qr code 7, 4 th iteration found a singular matrix\n",
      "[[ 6.28066208e+02 -9.35627992e-01 -2.56827585e+02]\n",
      " [-9.35627992e-01  1.29802659e-01  4.30500847e-01]\n",
      " [-2.56827585e+02  4.30500847e-01  1.05039298e+02]]\n",
      "qr code 7, 5 th iteration found a singular matrix\n",
      "[[ 6.28066208e+02 -9.35627992e-01 -2.56827585e+02]\n",
      " [-9.35627992e-01  1.29802659e-01  4.30500847e-01]\n",
      " [-2.56827585e+02  4.30500847e-01  1.05039298e+02]]\n",
      "qr code 7, 6 th iteration found a singular matrix\n",
      "[[ 6.28066208e+02 -9.35627992e-01 -2.56827585e+02]\n",
      " [-9.35627992e-01  1.29802659e-01  4.30500847e-01]\n",
      " [-2.56827585e+02  4.30500847e-01  1.05039298e+02]]\n",
      "qr code 7, 7 th iteration found a singular matrix\n",
      "[[ 6.28066208e+02 -9.35627992e-01 -2.56827585e+02]\n",
      " [-9.35627992e-01  1.29802659e-01  4.30500847e-01]\n",
      " [-2.56827585e+02  4.30500847e-01  1.05039298e+02]]\n",
      "qr code 7, 8 th iteration found a singular matrix\n",
      "[[ 6.28066208e+02 -9.35627992e-01 -2.56827585e+02]\n",
      " [-9.35627992e-01  1.29802659e-01  4.30500847e-01]\n",
      " [-2.56827585e+02  4.30500847e-01  1.05039298e+02]]\n"
     ]
    }
   ],
   "source": [
    "localization.localize()"
   ]
  }
 ],
 "metadata": {
  "kernelspec": {
   "display_name": "bsf",
   "language": "python",
   "name": "python3"
  },
  "language_info": {
   "codemirror_mode": {
    "name": "ipython",
    "version": 3
   },
   "file_extension": ".py",
   "mimetype": "text/x-python",
   "name": "python",
   "nbconvert_exporter": "python",
   "pygments_lexer": "ipython3",
   "version": "3.12.4"
  }
 },
 "nbformat": 4,
 "nbformat_minor": 5
}
